966656683015
966676655605
966754391981
966786579742
966805503421
967007050482
967050226115
967116442600
967308923428
967380658116
967597672939
967808940670
967820761043
967898463652
967946728341
968048936911
968160369193
968172358060
968192813932
968209343426
968255977973
968301592067
968317208098
968478856825
968663803346
969067760960
969088518292
969098270324
969311301638
969398787586
969614884170
969750437003
969858878247
969949196359
969968289306
969987400603
969999171186
970095939422
970279172597
970297342867
970360671116
970390737665
970432811351
970434529027
970542246760
970618056132
970693801622
970768825128
970822200069
970921118396
971001490991
971043749067
971077038825
971091009416
971158021609
971171014105
971288217016
971379020864
971419647794
971433220742
971462025545
971599753960
971636582936
971681390649
